Score	Lower bound	Upper bound	Likelihood	TPR	FPR	PPV	FDR	No. positives	No. negatives
0.29645	0.23582	0.39546	21.396	0.226	0.011	0.779	0.221	134	38
0.29196	0.22933	0.39546	20.658	0.241	0.012	0.773	0.227	143	42
0.28510	0.22867	0.39513	19.214	0.224	0.012	0.760	0.240	133	42
0.27101	0.18787	0.39491	18.688	0.260	0.014	0.755	0.245	154	50
0.25335	0.18598	0.30531	18.202	0.218	0.012	0.750	0.250	129	43
0.25224	0.18383	0.30466	17.259	0.216	0.013	0.740	0.260	128	45
0.25194	0.18383	0.30425	17.124	0.214	0.013	0.738	0.262	127	45
0.25083	0.18269	0.30319	16.266	0.212	0.013	0.728	0.272	126	47
0.25053	0.18269	0.30171	16.137	0.211	0.013	0.727	0.273	125	47
0.23572	0.18171	0.29501	11.488	0.239	0.021	0.654	0.346	142	75
0.23544	0.18171	0.29460	11.407	0.238	0.021	0.653	0.347	141	75
0.23517	0.18171	0.29242	11.326	0.236	0.021	0.651	0.349	140	75
0.23517	0.18171	0.29242	11.326	0.236	0.021	0.651	0.349	140	75
0.23463	0.18171	0.29076	11.164	0.233	0.021	0.648	0.352	138	75
0.23286	0.18169	0.28954	10.795	0.231	0.021	0.640	0.360	137	77
0.23100	0.18169	0.28520	10.679	0.223	0.021	0.638	0.362	132	75
0.23073	0.18169	0.28493	10.598	0.221	0.021	0.636	0.364	131	75
0.23047	0.18169	0.28442	10.517	0.219	0.021	0.634	0.366	130	75
0.23020	0.18169	0.28350	10.436	0.218	0.021	0.632	0.368	129	75
0.22994	0.18169	0.28273	10.355	0.216	0.021	0.631	0.369	128	75
0.22915	0.18169	0.28227	10.331	0.212	0.021	0.630	0.370	126	74
0.22750	0.18165	0.28199	9.879	0.214	0.022	0.620	0.380	127	78
0.22456	0.18165	0.27537	9.839	0.202	0.021	0.619	0.381	120	74
0.22343	0.18163	0.27524	9.660	0.204	0.021	0.614	0.386	121	76
0.22316	0.18163	0.27468	9.580	0.202	0.021	0.612	0.388	120	76
0.22316	0.18163	0.27468	9.580	0.202	0.021	0.612	0.388	120	76
0.22263	0.18163	0.27426	9.421	0.199	0.021	0.608	0.392	118	76
0.22195	0.18163	0.27415	9.298	0.199	0.021	0.605	0.395	118	77
0.22195	0.18163	0.27415	9.298	0.199	0.021	0.605	0.395	118	77
0.22140	0.18163	0.27300	9.141	0.196	0.021	0.601	0.399	116	77
0.22019	0.18160	0.27081	9.062	0.194	0.021	0.599	0.401	115	77
0.21887	0.18160	0.26881	9.061	0.189	0.021	0.599	0.401	112	75
0.21697	0.18145	0.26881	8.689	0.196	0.023	0.589	0.411	116	81
0.21345	0.18142	0.25859	8.525	0.187	0.022	0.584	0.416	111	79
0.21345	0.18142	0.25859	8.525	0.187	0.022	0.584	0.416	111	79
0.21311	0.18140	0.25859	8.315	0.187	0.023	0.578	0.422	111	81
0.21311	0.18140	0.25859	8.315	0.187	0.023	0.578	0.422	111	81
0.21311	0.18140	0.25859	8.315	0.187	0.023	0.578	0.422	111	81
0.21311	0.18140	0.25859	8.315	0.187	0.023	0.578	0.422	111	81
0.21311	0.18140	0.25859	8.315	0.187	0.023	0.578	0.422	111	81
0.21215	0.18140	0.25857	8.015	0.180	0.023	0.569	0.431	107	81
0.21215	0.18140	0.25857	8.015	0.180	0.023	0.569	0.431	107	81
0.21062	0.18140	0.25852	7.566	0.170	0.023	0.555	0.445	101	81
0.21062	0.18140	0.25852	7.566	0.170	0.023	0.555	0.445	101	81
0.21062	0.18140	0.25852	7.566	0.170	0.023	0.555	0.445	101	81
0.20664	0.18120	0.25822	6.872	0.159	0.023	0.531	0.469	94	83
0.20664	0.18120	0.25822	6.872	0.159	0.023	0.531	0.469	94	83
0.20528	0.18113	0.25822	6.401	0.162	0.025	0.513	0.487	96	91
0.20528	0.18113	0.25822	6.401	0.162	0.025	0.513	0.487	96	91
0.20413	0.18113	0.25811	6.134	0.155	0.025	0.503	0.497	92	91
0.20413	0.18113	0.25811	6.134	0.155	0.025	0.503	0.497	92	91
0.20413	0.18113	0.25811	6.134	0.155	0.025	0.503	0.497	92	91
0.20413	0.18113	0.25811	6.134	0.155	0.025	0.503	0.497	92	91
0.20413	0.18113	0.25811	6.134	0.155	0.025	0.503	0.497	92	91
0.20261	0.18113	0.25739	6.067	0.150	0.025	0.500	0.500	89	89
0.20261	0.18113	0.25739	6.067	0.150	0.025	0.500	0.500	89	89
0.20261	0.18113	0.25739	6.067	0.150	0.025	0.500	0.500	89	89
0.20261	0.18113	0.25739	6.067	0.150	0.025	0.500	0.500	89	89
0.20261	0.18113	0.25739	6.067	0.150	0.025	0.500	0.500	89	89
0.20261	0.18113	0.25739	6.067	0.150	0.025	0.500	0.500	89	89
0.20070	0.18113	0.25694	5.928	0.143	0.024	0.494	0.506	85	87
0.19993	0.18094	0.25674	5.863	0.145	0.025	0.491	0.509	86	89
0.19993	0.18094	0.25674	5.863	0.145	0.025	0.491	0.509	86	89
0.19865	0.18051	0.25557	5.738	0.147	0.026	0.486	0.514	87	92
0.19642	0.18051	0.24954	5.658	0.140	0.025	0.483	0.517	83	89
0.19593	0.18033	0.24831	5.467	0.138	0.025	0.474	0.526	82	91
0.19562	0.18033	0.24778	5.401	0.137	0.025	0.471	0.529	81	91
0.19510	0.17991	0.24778	5.301	0.140	0.026	0.466	0.534	83	95
0.19365	0.17991	0.24207	5.219	0.135	0.026	0.462	0.538	80	93
0.19277	0.17943	0.23961	4.993	0.133	0.027	0.451	0.549	79	96
0.19277	0.17943	0.23961	4.993	0.133	0.027	0.451	0.549	79	96
0.19223	0.17943	0.23911	4.867	0.130	0.027	0.445	0.555	77	96
0.19196	0.17943	0.23585	4.803	0.128	0.027	0.442	0.558	76	96
0.19188	0.17881	0.23585	4.754	0.128	0.027	0.439	0.561	76	97
0.19129	0.17809	0.23467	4.691	0.126	0.027	0.436	0.564	75	97
0.19074	0.17679	0.23467	4.477	0.128	0.029	0.425	0.575	76	103
0.18844	0.17651	0.23232	4.342	0.123	0.028	0.417	0.583	73	102
0.18805	0.17643	0.23098	4.300	0.123	0.029	0.415	0.585	73	103
0.18756	0.17643	0.22933	4.283	0.121	0.028	0.414	0.586	72	102
0.18708	0.17643	0.22867	4.164	0.118	0.028	0.407	0.593	70	102
0.18671	0.17625	0.22672	4.026	0.116	0.029	0.399	0.601	69	104
0.18610	0.17483	0.22579	3.841	0.116	0.030	0.388	0.612	69	109
0.18466	0.17431	0.22057	3.708	0.111	0.030	0.379	0.621	66	108
0.18424	0.17431	0.21662	3.596	0.108	0.030	0.372	0.628	64	108
0.18401	0.17389	0.21662	3.553	0.110	0.031	0.369	0.631	65	111
0.18401	0.17389	0.21662	3.553	0.110	0.031	0.369	0.631	65	111
0.18284	0.17330	0.21462	3.413	0.106	0.031	0.360	0.640	63	112
0.18229	0.17330	0.21342	3.334	0.103	0.031	0.355	0.645	61	111
0.16847	0.13509	0.21286	3.282	0.223	0.068	0.351	0.649	132	244
0.15410	0.13474	0.16884	3.007	0.096	0.032	0.331	0.669	57	115
0.15398	0.13453	0.16884	2.981	0.096	0.032	0.329	0.671	57	116
0.15369	0.13367	0.16842	2.929	0.094	0.032	0.326	0.674	56	116
0.15358	0.13355	0.16842	2.904	0.094	0.033	0.324	0.676	56	117
0.15316	0.13273	0.16783	2.904	0.094	0.033	0.324	0.676	56	117
0.15316	0.13273	0.16783	2.904	0.094	0.033	0.324	0.676	56	117
0.15269	0.13207	0.16783	2.882	0.096	0.033	0.322	0.678	57	120
0.15243	0.13207	0.16741	2.804	0.093	0.033	0.316	0.684	55	119
0.15028	0.12717	0.16686	2.733	0.099	0.036	0.311	0.689	59	131
0.11175	0.06505	0.16452	2.608	0.238	0.091	0.301	0.699	141	328
0.07960	0.06485	0.08991	2.117	0.076	0.036	0.259	0.741	45	129
0.07916	0.06462	0.08964	1.992	0.073	0.036	0.247	0.753	43	131
0.07283	0.05485	0.08964	1.888	0.103	0.054	0.237	0.763	61	196
0.06592	0.05436	0.08007	1.870	0.069	0.037	0.236	0.764	41	133
0.06584	0.05436	0.07979	1.825	0.067	0.037	0.231	0.769	40	133
0.06584	0.05436	0.07979	1.825	0.067	0.037	0.231	0.769	40	133
0.06554	0.05415	0.07945	1.825	0.067	0.037	0.231	0.769	40	133
0.06461	0.05374	0.07945	1.799	0.073	0.040	0.229	0.771	43	145
0.06413	0.05374	0.07867	1.764	0.069	0.039	0.225	0.775	41	141
0.06413	0.05374	0.07867	1.764	0.069	0.039	0.225	0.775	41	141
0.06413	0.05374	0.07867	1.764	0.069	0.039	0.225	0.775	41	141
0.06174	0.05038	0.07867	1.636	0.081	0.049	0.212	0.788	48	178
0.05759	0.04990	0.06862	1.517	0.061	0.040	0.200	0.800	36	144
0.05729	0.04990	0.06743	1.517	0.059	0.039	0.200	0.800	35	140
0.05729	0.04990	0.06743	1.517	0.059	0.039	0.200	0.800	35	140
0.05719	0.04979	0.06734	1.517	0.059	0.039	0.200	0.800	35	140
0.05689	0.04944	0.06725	1.517	0.059	0.039	0.200	0.800	35	140
0.05493	0.04575	0.06660	1.490	0.071	0.048	0.197	0.803	42	171
0.05281	0.04557	0.06150	1.381	0.056	0.040	0.185	0.815	33	145
0.05281	0.04557	0.06150	1.381	0.056	0.040	0.185	0.815	33	145
0.05217	0.04476	0.06073	1.381	0.056	0.040	0.185	0.815	33	145
0.05202	0.04476	0.06003	1.358	0.054	0.040	0.183	0.817	32	143
0.05202	0.04476	0.06003	1.358	0.054	0.040	0.183	0.817	32	143
0.05163	0.04428	0.05980	1.348	0.054	0.040	0.182	0.818	32	144
0.04513	0.03487	0.05925	1.346	0.106	0.079	0.182	0.818	63	284
0.03721	0.03254	0.04368	1.259	0.074	0.059	0.172	0.828	44	212
0.03539	0.03254	0.03901	1.092	0.046	0.042	0.153	0.847	27	150
0.03539	0.03254	0.03901	1.092	0.046	0.042	0.153	0.847	27	150
0.03535	0.03247	0.03901	1.078	0.046	0.042	0.151	0.849	27	152
0.03527	0.03247	0.03870	1.011	0.042	0.042	0.143	0.857	25	150
0.03520	0.03241	0.03859	1.011	0.042	0.042	0.143	0.857	25	150
0.03520	0.03241	0.03859	1.011	0.042	0.042	0.143	0.857	25	150
0.03515	0.03233	0.03859	0.991	0.042	0.043	0.140	0.860	25	153
0.03515	0.03233	0.03859	0.991	0.042	0.043	0.140	0.860	25	153
0.03513	0.03225	0.03859	0.985	0.042	0.043	0.140	0.860	25	154
0.03495	0.03215	0.03829	0.964	0.040	0.042	0.137	0.863	24	151
0.03495	0.03215	0.03829	0.964	0.040	0.042	0.137	0.863	24	151
0.03495	0.03215	0.03829	0.964	0.040	0.042	0.137	0.863	24	151
0.03495	0.03215	0.03829	0.964	0.040	0.042	0.137	0.863	24	151
0.03490	0.03199	0.03829	0.946	0.040	0.043	0.135	0.865	24	154
0.03477	0.03176	0.03829	0.899	0.040	0.045	0.129	0.871	24	162
0.03446	0.03147	0.03803	0.872	0.039	0.044	0.126	0.874	23	160
0.03434	0.03147	0.03760	0.861	0.037	0.043	0.124	0.876	22	155
0.03422	0.03140	0.03734	0.822	0.035	0.043	0.119	0.881	21	155
0.03422	0.03140	0.03734	0.822	0.035	0.043	0.119	0.881	21	155
0.03422	0.03140	0.03734	0.822	0.035	0.043	0.119	0.881	21	155
0.03422	0.03140	0.03734	0.822	0.035	0.043	0.119	0.881	21	155
0.03420	0.03132	0.03734	0.817	0.035	0.043	0.119	0.881	21	156
0.03419	0.03122	0.03734	0.812	0.035	0.044	0.118	0.882	21	157
0.03412	0.03115	0.03729	0.812	0.035	0.044	0.118	0.882	21	157
0.03405	0.03112	0.03726	0.812	0.035	0.044	0.118	0.882	21	157
0.03393	0.03107	0.03705	0.773	0.034	0.044	0.113	0.887	20	157
0.03393	0.03107	0.03705	0.773	0.034	0.044	0.113	0.887	20	157
0.03375	0.03082	0.03703	0.772	0.035	0.046	0.113	0.887	21	165
0.03304	0.03000	0.03664	0.699	0.037	0.053	0.103	0.897	22	191
0.03243	0.03000	0.03497	0.683	0.030	0.044	0.101	0.899	18	160
0.03242	0.02995	0.03497	0.678	0.030	0.045	0.101	0.899	18	161
0.03242	0.02995	0.03497	0.678	0.030	0.045	0.101	0.899	18	161
0.03144	0.02802	0.03496	0.653	0.040	0.062	0.097	0.903	24	223
0.03045	0.02802	0.03323	0.596	0.027	0.045	0.089	0.911	16	163
0.02332	0.01535	0.03323	0.544	0.110	0.202	0.082	0.918	65	725
0.01691	0.01528	0.01871	0.375	0.019	0.049	0.058	0.942	11	178
0.01687	0.01528	0.01865	0.347	0.017	0.049	0.054	0.946	10	175
0.01687	0.01528	0.01865	0.347	0.017	0.049	0.054	0.946	10	175
0.00984	0.00444	0.01865	0.309	0.099	0.322	0.048	0.952	59	1158
0.00525	0.00444	0.00638	0.306	0.024	0.077	0.048	0.952	14	278
0.00525	0.00444	0.00638	0.306	0.024	0.077	0.048	0.952	14	278
0.00525	0.00444	0.00638	0.306	0.024	0.077	0.048	0.952	14	278
0.00520	0.00442	0.00634	0.296	0.024	0.080	0.047	0.953	14	287
0.00520	0.00442	0.00634	0.294	0.024	0.080	0.046	0.954	14	289
0.00520	0.00442	0.00634	0.294	0.024	0.080	0.046	0.954	14	289
0.00515	0.00441	0.00633	0.285	0.024	0.083	0.045	0.955	14	298
0.00514	0.00441	0.00633	0.283	0.024	0.083	0.045	0.955	14	300
0.00488	0.00441	0.00626	0.248	0.017	0.068	0.039	0.961	10	245
0.00484	0.00440	0.00618	0.223	0.015	0.068	0.035	0.965	9	245
0.00474	0.00436	0.00610	0.188	0.015	0.081	0.030	0.970	9	291
0.00464	0.00436	0.00550	0.152	0.012	0.078	0.024	0.976	7	279
0.00369	0.00095	0.00545	0.126	0.024	0.187	0.020	0.980	14	672
0.00243	0.00095	0.00336	0.102	0.007	0.066	0.017	0.983	4	238
0.00243	0.00095	0.00336	0.102	0.007	0.066	0.017	0.983	4	238
0.00145	0.00017	0.00336	0.102	0.013	0.132	0.017	0.983	8	476
0.00024	0.00000	0.00084	0.063	0.008	0.135	0.010	0.990	5	485
0.00011	0.00000	0.00037	0.034	0.003	0.098	0.006	0.994	2	353
