P55196	9606.ENSP00000355771	98.654	1709	3	5	43	1733	1	1707	0.0	3459
Q9Z2H5	9606.ENSP00000337168	95.006	881	42	2	1	879	1	881	0.0	1573
O00418	9606.ENSP00000263026	100.000	725	0	0	1	725	1	725	0.0	1517
Q9Z2A0	9606.ENSP00000344220	94.633	559	27	2	1	559	1	556	0.0	1049
Q9Z2A0	9606.ENSP00000263881	27.962	211	144	3	78	285	9	214	7.68e-22	99.8
Q9Z2A0	9606.ENSP00000419195	25.856	263	173	5	85	332	24	279	3.09e-22	99.8
Q9Z2A0	9606.ENSP00000455507	31.977	172	108	3	132	299	7468	7634	1.30e-21	99.8
Q9Z2A0	9606.ENSP00000345629	27.413	259	174	7	90	340	657	909	1.40e-21	99.4
Q9Z2A0	9606.ENSP00000349458	30.986	213	137	6	91	300	10	215	7.11e-22	99.4
Q9Z2A0	9606.ENSP00000351908	28.346	254	166	9	90	333	685	932	1.34e-21	99.4
Q9Z2A0	9606.ENSP00000347427	24.658	219	137	6	85	285	25	233	1.98e-21	98.6
Q9Z2H5	9606.ENSP00000363317	25.949	316	193	8	90	373	331	637	9.76e-21	98.2
Q9Z2A0	9606.ENSP00000430684	32.692	208	121	7	91	285	21	222	2.47e-21	97.8
Q9Z2A0	9606.ENSP00000176763	27.881	269	172	9	91	349	42	298	1.01e-20	96.3
Q9Z2A0	9606.ENSP00000350195	30.198	202	130	6	90	285	653	849	1.18e-20	96.3
Q9Z2A0	9606.ENSP00000348278	28.922	204	133	3	94	285	70	273	1.02e-20	95.5
Q9Z2A0	9606.ENSP00000376647	25.100	251	175	4	88	327	1064	1312	1.95e-20	95.5
Q9Z2A0	9606.ENSP00000351475	29.297	256	150	8	91	321	1005	1254	3.43e-20	94.7
Q9Z2A0	9606.ENSP00000378476	29.954	217	137	5	92	300	11	220	4.82e-21	94.7
Q9Z2A0	9606.ENSP00000423665	29.204	226	145	7	70	285	151	371	1.51e-20	94.7
Q9Z2A0	9606.ENSP00000229795	26.821	302	169	9	82	345	21	308	6.76e-21	94.4
Q9Z2A0	9606.ENSP00000311684	26.667	225	140	4	66	285	2957	3161	5.10e-20	94.4
Q9Z2A0	9606.ENSP00000302486	28.358	268	161	8	49	294	17	275	1.30e-20	94.0
Q9Z2A0	9606.ENSP00000181839	26.250	320	186	11	83	355	703	1019	8.00e-20	93.6
Q9Z2A0	9606.ENSP00000396467	30.000	270	148	10	83	328	41	293	1.51e-20	93.6
Q9Z2A0	9606.ENSP00000316512	32.700	263	152	11	96	333	473	735	8.46e-20	93.2
Q9Z2A0	9606.ENSP00000339916	27.982	218	136	4	81	280	306	520	9.77e-20	92.8
Q9Z2A0	9606.ENSP00000324806	29.339	242	147	9	70	300	44	272	4.64e-20	92.4
Q9Z2A0	9606.ENSP00000346484	26.761	284	174	9	91	347	10	286	1.19e-19	92.4
Q9Z2A0	9606.ENSP00000358770	27.338	278	173	8	82	345	30	292	2.11e-19	92.4
Q9Z2A0	9606.ENSP00000259808	28.636	220	142	4	79	285	11	228	1.54e-19	92.0
Q9Z2A0	9606.ENSP00000261211	26.644	289	167	10	84	332	183	466	9.99e-20	92.0
Q9Z2A0	9606.ENSP00000265734	27.832	309	172	14	91	359	19	316	2.24e-20	92.0
Q9Z2A0	9606.ENSP00000343248	24.169	331	207	12	22	333	4	309	6.12e-20	92.0
Q9Z2H5	9606.ENSP00000343158	75.000	60	15	0	812	871	1025	1084	7.67e-19	92.0
Q9Z2A0	9606.ENSP00000013125	26.724	232	151	5	57	285	3	218	2.65e-19	91.7
Q9Z2A0	9606.ENSP00000399511	24.658	219	137	6	85	285	25	233	3.27e-19	91.7
Q9Z2A0	9606.ENSP00000222330	30.045	223	135	10	89	300	123	335	1.58e-19	91.3
Q9Z2A0	9606.ENSP00000263955	26.104	249	172	4	88	327	36	281	6.51e-20	91.3
Q9Z2A0	9606.ENSP00000336740	25.090	279	176	6	32	280	269	544	3.40e-19	90.9
Q9Z2A0	9606.ENSP00000369390	29.577	213	129	9	86	285	128	332	2.31e-19	90.9
Q9Z2A0	9606.ENSP00000362608	25.260	289	191	9	69	348	21	293	5.84e-20	90.5
Q9Z2A0	9606.ENSP00000450567	31.285	179	113	3	175	353	379	547	4.47e-19	90.5
Q9Z2A0	9606.ENSP00000256443	32.701	211	130	6	78	283	8	211	1.44e-19	90.1
Q9Z2A0	9606.ENSP00000359424	30.435	230	130	7	74	285	4	221	6.94e-19	90.1
Q9Z2A0	9606.ENSP00000276052	25.157	318	186	12	78	355	224	529	8.37e-19	89.7
Q9Z2A0	9606.ENSP00000355927	30.814	172	109	3	182	353	903	1064	1.34e-18	89.7
Q9Z2A0	9606.ENSP00000358813	27.679	224	130	6	145	349	585	795	1.44e-18	89.4
Q9Z2A0	9606.ENSP00000365107	38.983	118	63	2	245	359	738	849	1.38e-18	89.4
Q9Z2A0	9606.ENSP00000265026	26.267	217	141	4	91	305	174	373	1.94e-18	89.0
Q9Z2A0	9606.ENSP00000310094	29.000	200	129	4	91	285	34	225	2.15e-18	89.0
Q9Z2A0	9606.ENSP00000343658	24.201	219	138	6	85	285	25	233	2.10e-18	89.0
Q9Z2A0	9606.ENSP00000378974	23.750	320	185	7	89	361	30	337	6.52e-19	89.0
Q9Z2A0	9606.ENSP00000211287	27.119	295	160	12	91	346	31	309	5.42e-19	88.6
Q9Z2A0	9606.ENSP00000263025	30.198	202	98	8	179	346	139	331	5.96e-19	88.6
Q9Z2A0	9606.ENSP00000306340	29.293	198	134	4	90	285	9	202	1.63e-18	88.6
Q9Z2A0	9606.ENSP00000398880	26.460	291	171	9	83	332	725	1013	3.08e-18	88.6
Q9Z2A0	9606.ENSP00000449381	29.433	282	145	9	91	331	28	296	1.04e-18	88.6
Q9Z2A0	9606.ENSP00000215832	31.188	202	96	9	179	346	122	314	7.03e-19	88.2
Q9Z2A0	9606.ENSP00000261716	29.500	200	128	4	91	285	34	225	3.37e-18	88.2
Q9Z2A0	9606.ENSP00000294066	25.962	208	145	4	82	285	12	214	3.89e-18	87.8
Q9Z2A0	9606.ENSP00000427562	26.360	239	163	6	84	316	287	518	4.68e-18	87.8
Q9Z2A0	9606.ENSP00000311005	23.843	281	185	8	83	354	53	313	5.22e-18	87.4
Q9Z2A0	9606.ENSP00000333685	25.902	305	168	11	82	345	21	308	1.24e-18	87.4
Q9Z2A0	9606.ENSP00000385571	28.571	224	128	6	85	291	199	407	6.22e-18	87.4
Q9Z2A0	9606.ENSP00000449038	25.581	215	145	4	91	305	164	363	5.34e-18	87.4
Q9Z2A0	9606.ENSP00000216274	26.168	214	128	6	83	281	19	217	4.32e-18	87.0
Q9Z2A0	9606.ENSP00000261845	26.433	314	168	12	89	344	24	332	6.32e-18	87.0
Q9Z2A0	9606.ENSP00000262948	28.507	221	146	5	81	296	68	281	2.38e-18	87.0
Q9Z2A0	9606.ENSP00000362222	33.880	183	105	7	182	359	178	349	2.96e-18	87.0
Q9Z2A0	9606.ENSP00000411099	32.061	262	154	11	96	333	467	728	7.13e-18	87.0
Q9Z2A0	9606.ENSP00000383234	28.054	221	144	6	91	299	26	243	7.54e-18	86.7
Q9Z2A0	9606.ENSP00000407442	29.004	231	122	8	83	291	188	398	1.32e-17	86.7
Q9Z2A0	9606.ENSP00000419782	26.950	282	174	10	91	345	10	286	9.52e-19	86.7
Q9Z2A0	9606.ENSP00000266970	28.231	294	179	11	83	349	2	290	1.27e-18	86.3
Q9Z2A0	9606.ENSP00000394560	23.585	318	183	8	89	359	30	334	4.76e-18	86.3
Q9Z2A0	9606.ENSP00000337691	25.623	281	168	8	91	332	19	297	1.54e-17	85.5
Q9Z2A0	9606.ENSP00000340373	29.555	247	155	7	85	319	159	398	3.34e-17	85.1
Q9Z2A0	9606.ENSP00000353824	26.609	233	144	7	76	290	27	250	4.62e-18	85.1
Q9Z2H5	9606.ENSP00000345259	70.690	58	17	0	813	870	807	864	8.51e-17	85.1
Q9Z2A0	9606.ENSP00000391090	28.239	301	170	13	177	456	116	391	2.28e-17	84.7
Q9Z2A0	9606.ENSP00000322343	24.309	362	209	14	87	425	7	326	9.77e-18	84.3
Q9Z2A0	9606.ENSP00000356070	28.881	277	151	13	83	332	61	318	1.60e-17	84.3
Q9Z2A0	9606.ENSP00000370912	25.792	221	154	6	82	299	367	580	4.07e-17	84.3
Q9Z2A0	9606.ENSP00000406472	29.293	198	131	6	91	285	109	300	2.49e-17	84.3
Q9Z2A0	9606.ENSP00000355304	31.797	217	133	10	87	297	7	214	2.80e-17	84.0
Q9Z2A0	9606.ENSP00000378699	28.638	213	142	7	83	290	2	209	8.20e-18	84.0
Q9Z2A0	9606.ENSP00000393312	24.333	300	177	8	7	278	447	724	1.01e-16	83.6
Q9Z2A0	9606.ENSP00000465039	25.758	198	139	3	91	285	23	215	9.12e-17	83.6
Q9Z2A0	9606.ENSP00000469863	29.719	249	156	7	83	319	109	350	7.64e-17	83.6
Q9Z2A0	9606.ENSP00000291823	30.631	222	120	10	89	291	15	221	1.05e-16	83.2
Q9Z2A0	9606.ENSP00000304226	28.899	218	123	6	91	291	203	405	1.64e-16	83.2
Q9Z2A0	9606.ENSP00000428924	26.364	220	146	5	71	280	225	438	7.70e-17	83.2
Q9Z2A0	9606.ENSP00000483570	27.363	201	137	5	82	280	433	626	1.03e-16	83.2
Q9Z2A0	9606.ENSP00000337451	25.481	208	136	6	84	280	620	819	1.76e-16	82.8
Q9Z2A0	9606.ENSP00000410561	25.862	290	171	10	91	347	10	288	2.18e-17	82.8
Q9Z2A0	9606.ENSP00000434830	24.255	235	142	7	85	285	25	257	2.01e-16	82.8
Q9Z2A0	9606.ENSP00000361423	25.214	234	162	6	84	309	260	488	2.34e-16	82.4
Q9Z2A0	9606.ENSP00000178640	26.108	203	140	5	83	285	164	356	1.54e-16	82.0
Q9Z2A0	9606.ENSP00000379964	30.303	231	133	10	85	296	20	241	4.30e-17	82.0
Q9Z2A0	9606.ENSP00000410294	25.431	232	146	6	72	278	468	697	3.29e-16	82.0
Q9Z2A0	9606.ENSP00000482657	26.368	201	132	5	91	285	406	596	3.32e-16	82.0
Q9Z2A0	9606.ENSP00000220003	25.628	199	133	4	83	278	193	379	1.84e-16	81.6
Q9Z2A0	9606.ENSP00000347942	28.063	253	132	8	77	289	720	962	5.61e-16	81.3
Q9Z2A0	9606.ENSP00000376317	29.577	213	136	5	79	285	17	221	5.78e-16	81.3
Q9Z2A0	9606.ENSP00000364361	24.286	210	139	4	83	287	14	208	6.43e-16	80.9
Q9Z2A0	9606.ENSP00000495965	26.568	271	174	10	82	333	17	281	8.09e-16	80.9
Q9Z2A0	9606.ENSP00000338673	29.237	236	154	9	73	300	24	254	2.26e-16	80.5
Q9Z2A0	9606.ENSP00000381070	29.091	220	141	8	91	301	142	355	4.21e-16	80.5
Q9Z2A0	9606.ENSP00000455507	27.500	240	145	6	61	285	8597	8822	1.40e-15	80.5
Q9Z2A0	9606.ENSP00000217188	23.506	251	173	9	64	305	206	446	7.24e-16	80.1
Q9Z2A0	9606.ENSP00000233057	26.872	227	125	5	84	279	266	482	7.27e-16	80.1
Q9Z2A0	9606.ENSP00000246914	23.616	271	185	9	85	345	174	432	1.28e-15	80.1
Q9Z2A0	9606.ENSP00000263798	26.609	233	152	9	83	298	516	746	1.21e-15	80.1
Q9Z2A0	9606.ENSP00000264316	27.397	219	149	6	82	297	268	479	7.88e-16	80.1
Q9Z2A0	9606.ENSP00000342105	28.713	202	130	5	89	283	226	420	9.11e-16	80.1
Q9Z2A0	9606.ENSP00000358309	25.214	234	152	8	85	305	633	856	1.22e-15	80.1
Q9Z2A0	9606.ENSP00000253055	28.054	221	128	8	84	286	97	304	2.42e-15	79.3
Q9Z2A0	9606.ENSP00000257904	28.755	233	150	8	91	311	12	240	3.36e-16	79.3
Q9Z2A0	9606.ENSP00000361158	26.754	228	155	5	78	302	52	270	1.66e-15	79.3
Q9Z2A0	9606.ENSP00000480763	25.616	203	132	6	89	280	680	874	2.60e-15	79.3
Q9Z2A0	9606.ENSP00000262506	28.139	231	112	10	162	351	114	331	6.22e-16	79.0
Q9Z2A0	9606.ENSP00000451263	27.523	218	135	8	84	287	143	351	4.09e-15	78.6
Q9Z2A0	9606.ENSP00000401445	27.957	279	162	15	90	348	576	835	4.73e-15	78.2
Q9Z2A0	9606.ENSP00000452401	33.333	117	77	1	244	359	18	134	4.99e-17	77.8
Q9Z2A0	9606.ENSP00000479889	28.713	202	133	5	88	283	189	385	3.84e-15	77.8
Q9Z2A0	9606.ENSP00000281821	25.847	236	148	8	85	305	621	844	7.78e-15	77.4
Q9Z2A0	9606.ENSP00000371067	30.516	213	131	7	77	278	841	1047	1.14e-14	77.0
Q9Z2A0	9606.ENSP00000386213	28.571	210	129	7	91	285	33	236	1.48e-14	77.0
Q9Z2A0	9606.ENSP00000398655	25.373	201	141	5	82	280	360	553	8.69e-15	77.0
Q9Z2A0	9606.ENSP00000263791	31.841	201	109	9	158	333	798	995	1.73e-14	76.6
Q9Z2A0	9606.ENSP00000309597	25.339	221	138	8	83	287	115	324	1.29e-14	76.6
Q9Z2A0	9606.ENSP00000342235	28.169	213	139	7	76	280	709	915	1.78e-14	76.6
Q9Z2A0	9606.ENSP00000378485	23.786	206	141	5	83	285	234	426	1.05e-14	76.6
Q9Z2A0	9606.ENSP00000275493	27.962	211	137	7	84	285	711	915	2.95e-14	75.9
Q9Z2A0	9606.ENSP00000301831	25.455	275	169	6	83	328	2	269	2.77e-14	75.9
Q9Z2A0	9606.ENSP00000312150	28.108	185	121	4	168	348	165	341	8.32e-15	75.9
Q9Z2A0	9606.ENSP00000350224	25.238	210	143	6	81	285	413	613	2.00e-14	75.9
Q9Z2A0	9606.ENSP00000361554	25.106	235	151	7	83	297	837	1066	2.70e-14	75.9
Q9Z2A0	9606.ENSP00000217244	27.805	205	97	8	186	349	134	328	1.16e-14	75.5
Q9Z2A0	9606.ENSP00000337194	28.205	234	144	10	92	312	694	916	3.90e-14	75.5
Q9Z2A0	9606.ENSP00000381097	22.907	227	166	5	86	305	620	844	3.48e-14	75.5
Q9Z2A0	9606.ENSP00000419060	26.761	213	145	6	88	294	460	667	3.01e-14	75.5
Q9Z2A0	9606.ENSP00000155926	26.804	194	127	6	158	347	128	310	1.09e-14	75.1
Q9Z2A0	9606.ENSP00000301178	26.087	207	138	6	87	279	538	743	5.14e-14	75.1
Q9Z2A0	9606.ENSP00000331504	23.902	205	152	3	83	285	559	761	4.21e-14	75.1
Q9Z2A0	9606.ENSP00000338127	25.472	212	140	4	81	283	53	255	3.67e-14	75.1
Q9Z2A0	9606.ENSP00000369375	25.641	234	149	8	84	297	823	1051	5.55e-14	75.1
Q9Z2A0	9606.ENSP00000432511	26.866	201	138	6	85	278	822	1020	6.66e-14	74.7
Q9Z2A0	9606.ENSP00000277120	22.420	281	189	7	26	278	483	762	7.16e-14	74.3
Q9Z2A0	9606.ENSP00000341189	23.200	250	184	7	83	327	420	666	7.83e-14	74.3
Q9Z2A0	9606.ENSP00000490163	28.477	151	103	2	130	279	114	260	3.58e-14	74.3
Q9Z2A0	9606.ENSP00000350896	23.267	202	146	4	86	280	616	815	1.22e-13	73.9
Q9Z2A0	9606.ENSP00000477713	24.000	200	143	5	83	280	243	435	8.01e-14	73.6
Q9Z2A0	9606.ENSP00000295408	25.926	216	140	6	87	285	589	801	1.89e-13	73.2
Q9Z2A0	9606.ENSP00000362680	25.561	223	150	7	59	279	251	459	1.30e-13	73.2
Q9Z2A0	9606.ENSP00000365012	25.628	199	139	5	83	279	260	451	1.28e-13	73.2
Q9Z2A0	9606.ENSP00000473553	27.805	205	97	8	186	349	134	328	7.35e-14	73.2
Q9Z2A0	9606.ENSP00000339824	25.108	231	148	8	72	278	460	689	2.23e-13	72.8
Q9Z2A0	9606.ENSP00000351209	24.747	198	139	6	89	279	617	811	2.15e-13	72.8
Q9Z2A0	9606.ENSP00000384625	26.047	215	140	7	84	287	137	343	1.56e-13	72.8
Q9Z2A0	9606.ENSP00000255641	27.354	223	130	6	84	287	45	254	1.33e-13	72.4
Q9Z2A0	9606.ENSP00000345083	23.729	295	194	12	91	372	70	346	9.53e-14	72.4
Q9Z2A0	9606.ENSP00000356076	25.792	221	150	5	77	290	201	414	2.33e-13	72.4
Q9Z2A0	9606.ENSP00000383053	23.762	202	145	5	86	280	622	821	3.36e-13	72.4
P55196	9606.ENSP00000405514	41.758	91	48	3	990	1075	501	591	3.03e-12	72.0
P55196	9606.ENSP00000494277	47.059	85	43	2	989	1072	1797	1880	2.82e-12	72.0
Q9Z2A0	9606.ENSP00000166244	23.039	204	136	5	89	280	639	833	4.06e-13	72.0
Q9Z2A0	9606.ENSP00000297954	26.697	221	148	7	85	297	195	409	5.30e-13	72.0
Q9Z2A0	9606.ENSP00000362361	26.000	350	222	12	86	417	21	351	1.58e-13	72.0
Q9Z2A0	9606.ENSP00000401888	26.744	258	149	10	91	328	375	612	3.51e-13	72.0
Q9Z2Q6	9606.ENSP00000391311	98.847	347	4	0	1	347	23	369	0.0	719
Q9Z2A0	9606.ENSP00000259089	25.446	224	149	7	59	279	221	429	3.83e-13	71.6
Q9Z2A0	9606.ENSP00000306678	25.571	219	147	7	89	297	26	238	4.67e-13	71.6
Q9Z2A0	9606.ENSP00000307235	30.882	136	79	3	158	279	884	1018	5.61e-13	71.6
Q9Z2A0	9606.ENSP00000329967	26.168	214	136	7	90	286	14	222	4.27e-13	71.6
P55196	9606.ENSP00000320006	36.364	121	67	3	954	1072	1956	2068	5.83e-12	71.2
Q9Z2A0	9606.ENSP00000290277	25.481	208	146	5	82	285	310	512	6.28e-13	71.2
Q9Z2A0	9606.ENSP00000332118	23.301	206	141	4	86	280	634	833	8.02e-13	71.2
Q9Z2A0	9606.ENSP00000353904	27.354	223	130	7	84	287	42	251	4.14e-13	71.2
Q9Z2A0	9606.ENSP00000389715	28.384	229	141	8	83	295	635	856	6.42e-13	71.2
Q9Z2A0	9606.ENSP00000263056	22.396	192	138	3	94	285	147	327	5.27e-13	70.9
Q9Z2A0	9606.ENSP00000356899	22.857	280	183	5	27	277	504	779	1.16e-12	70.5
Q9Z2A0	9606.ENSP00000370891	26.415	212	115	9	104	279	242	448	8.45e-13	70.5
P55196	9606.ENSP00000320821	36.567	134	75	5	368	497	484	611	1.07e-11	70.1
Q9Z2A0	9606.ENSP00000267101	25.373	201	145	4	89	285	713	912	1.95e-12	70.1
Q9Z2A0	9606.ENSP00000269571	25.121	207	138	7	89	285	724	923	1.68e-12	70.1
Q9Z2A0	9606.ENSP00000476145	22.703	185	127	5	132	306	276	454	1.07e-12	70.1
Q9Z2A0	9606.ENSP00000296474	26.923	208	138	9	89	286	1086	1289	3.13e-12	69.3
Q9Z2A0	9606.ENSP00000367900	26.104	249	174	6	67	310	408	651	2.39e-12	69.3
Q9Z2A0	9606.ENSP00000462468	24.664	223	152	6	59	279	258	466	2.82e-12	68.9
Q9Z2A0	9606.ENSP00000464036	25.969	258	178	7	61	310	411	663	3.63e-12	68.9
O00418	9606.ENSP00000354006	34.951	103	60	2	228	323	1875	1977	1.05e-11	68.6
Q9Z2A0	9606.ENSP00000264972	26.636	214	141	9	91	294	344	551	3.73e-12	68.6
Q9Z2A0	9606.ENSP00000431885	28.426	197	129	7	91	279	903	1095	5.87e-12	68.6
Q9Z2A0	9606.ENSP00000346671	24.215	223	149	7	83	297	269	479	4.68e-12	68.2
P55196	9606.ENSP00000478767	43.478	92	45	4	990	1075	493	583	4.01e-11	67.8
Q9Z2A0	9606.ENSP00000468348	24.254	268	178	11	91	345	59	314	3.28e-12	67.8
Q9Z2A0	9606.ENSP00000275815	21.701	341	245	10	78	407	617	946	1.35e-11	67.4
Q9Z2A0	9606.ENSP00000361025	24.483	290	191	11	91	359	34	316	1.32e-11	67.0
Q9Z2A0	9606.ENSP00000357494	25.000	244	158	8	63	287	1927	2164	3.79e-11	65.9
Q9Z2A0	9606.ENSP00000363117	23.967	242	159	8	81	305	245	478	2.70e-11	65.9
Q9Z2A0	9606.ENSP00000364898	24.204	157	116	3	133	287	420	575	6.34e-11	64.7
Q9Z2A0	9606.ENSP00000363389	32.374	139	75	6	158	279	115	251	4.13e-11	64.3
Q9Z2K4	9606.ENSP00000005587	90.529	359	33	1	1	358	1	359	0.0	643
Q9Z2H5	9606.ENSP00000343158	69.111	450	118	2	1	433	1	446	0.0	637
Q9Z2H5	9606.ENSP00000357110	63.395	489	145	7	77	541	198	676	0.0	631
Q9Z2H5	9606.ENSP00000345259	66.416	399	119	5	49	434	150	546	0.0	565
Q9Z2Q6	9606.ENSP00000324511	64.857	350	108	3	1	339	51	396	2.79e-169	477
Q9Z2Q6	9606.ENSP00000479861	60.059	338	119	2	2	339	52	373	5.13e-149	425
Q9Z2Q6	9606.ENSP00000413507	54.483	290	128	2	29	318	21	306	1.02e-114	338
Q9Z2H5	9606.ENSP00000263708	46.067	356	182	5	97	445	29	381	4.74e-100	332
Q9Z2Q6	9606.ENSP00000494051	47.799	318	159	4	2	314	539	854	3.03e-99	311
Q9Z2Q6	9606.ENSP00000391249	47.315	298	154	2	2	298	278	573	2.54e-99	305
Q9Z2H5	9606.ENSP00000263713	42.105	361	198	6	75	426	18	376	2.47e-85	288
Q9Z2K4	9606.ENSP00000338171	44.173	369	165	6	13	358	6	356	5.20e-90	274
Q9Z2H5	9606.ENSP00000363694	41.840	337	188	4	99	429	87	421	7.28e-78	271
Q9z266	9606.ENSP00000357674	97.794	136	3	0	1	136	1	136	1.54e-95	270
Q9Z2H5	9606.ENSP00000482810	41.570	344	180	7	99	425	13	352	2.38e-79	270
Q9Z2Q6	9606.ENSP00000367991	43.027	337	174	7	2	333	24	347	3.38e-85	265
Q9Z2Q6	9606.ENSP00000268231	46.154	286	150	3	3	287	30	312	1.79e-86	264
Q9Z2Q6	9606.ENSP00000341524	42.012	338	176	6	2	333	22	345	2.12e-84	261
Q9Z2H5	9606.ENSP00000403067	39.634	328	190	4	99	420	19	344	7.75e-76	258
Q9Z2Q6	9606.ENSP00000373627	44.218	294	153	5	2	293	32	316	3.88e-83	258
Q9Z2Q6	9606.ENSP00000422896	40.828	338	180	6	2	333	31	354	5.92e-83	258
Q9Z2Q6	9606.ENSP00000349116	42.857	294	157	4	2	293	46	330	1.07e-80	255
Q9Z2H5	9606.ENSP00000264042	42.398	342	178	10	100	431	47	379	1.24e-69	249
Q9Z2H5	9606.ENSP00000303508	39.003	341	197	5	99	432	34	370	3.89e-72	248
Q9Z2H5	9606.ENSP00000298542	42.484	306	171	5	100	402	5	308	9.62e-71	247
Q9Z2H5	9606.ENSP00000486285	41.176	357	202	7	78	431	23	374	9.34e-68	244
Q9Z2H5	9606.ENSP00000363667	37.026	343	205	6	97	431	29	368	5.29e-65	234
Q9Z2A0	9606.ENSP00000262848	37.748	302	181	3	56	356	19	314	1.65e-66	219
Q9Z2A0	9606.ENSP00000359719	39.051	274	161	2	83	356	89	356	2.69e-65	218
Q9Z2A0	9606.ENSP00000356832	40.426	282	161	4	81	359	189	466	2.73e-63	216
Q9Z2A0	9606.ENSP00000309591	39.179	268	157	2	89	356	48	309	1.51e-64	214
Q9Z2A0	9606.ENSP00000366488	35.974	303	183	3	75	372	34	330	5.06e-63	210
Q9Z2A0	9606.ENSP00000225577	38.790	281	165	4	77	353	83	360	1.75e-59	206
Q9Z2A0	9606.ENSP00000375892	38.000	300	168	4	84	373	151	442	2.63e-60	206
Q9Z2A0	9606.ENSP00000500582	37.024	289	167	4	78	359	141	421	2.58e-58	201
Q9Z2A0	9606.ENSP00000340608	35.629	334	186	8	30	359	60	368	2.00e-58	200
Q9Z2A0	9606.ENSP00000368884	33.333	351	198	8	79	403	62	402	8.40e-56	199
Q9Z2A0	9606.ENSP00000451828	35.443	316	189	5	47	359	121	424	1.46e-57	199
Q9Z2A0	9606.ENSP00000379842	37.324	284	165	5	81	359	158	433	6.16e-57	198
Q9Z2A0	9606.ENSP00000263125	32.964	361	223	7	3	359	305	650	4.51e-55	197
Q9Z2A0	9606.ENSP00000329127	36.559	279	173	3	83	359	353	629	2.17e-55	197
Q9Z2A0	9606.ENSP00000408695	37.956	274	166	3	84	356	338	608	3.61e-55	197
Q9Z2A0	9606.ENSP00000306124	34.462	325	197	7	47	359	364	684	1.48e-54	196
Q9Z2A0	9606.ENSP00000422435	37.063	286	171	5	79	359	78	359	3.49e-54	195
Q9Z2A0	9606.ENSP00000308413	37.011	281	170	4	77	353	59	336	7.45e-55	192
Q9Z2A0	9606.ENSP00000295797	33.438	317	186	8	83	386	252	556	1.17e-52	189
Q9Z2A0	9606.ENSP00000435412	34.653	303	185	6	79	376	65	359	4.98e-52	189
Q9Z2A0	9606.ENSP00000437550	33.837	331	161	9	89	369	709	1031	6.01e-51	188
Q9Z2A0	9606.ENSP00000262752	32.092	349	219	8	36	376	22	360	1.68e-51	187
Q9Z2A0	9606.ENSP00000479667	36.333	300	178	7	71	359	35	332	6.26e-51	186
Q9Z2A0	9606.ENSP00000496129	36.131	274	171	3	84	356	341	611	5.49e-51	185
Q9Z2A0	9606.ENSP00000333896	36.789	299	177	7	71	359	19	315	3.38e-50	184
Q9Z2A0	9606.ENSP00000372035	33.636	330	163	7	89	369	672	994	1.75e-49	184
Q9Z2A0	9606.ENSP00000331602	36.201	279	168	4	84	359	348	619	2.47e-50	183
Q9Z2A0	9606.ENSP00000363092	37.589	282	165	6	84	359	374	650	7.66e-50	182
Q9Z2A0	9606.ENSP00000498737	35.938	256	152	2	57	305	14	264	3.10e-53	182
Q9Z2A0	9606.ENSP00000354671	31.307	329	198	7	66	376	494	812	1.83e-48	181
Q9Z2A0	9606.ENSP00000367830	33.016	315	188	8	83	386	250	552	8.10e-49	178
Q9Z2A0	9606.ENSP00000264399	35.055	271	170	3	91	359	459	725	8.50e-48	177
Q9Z2A0	9606.ENSP00000263431	35.517	290	177	4	77	359	343	629	1.84e-47	176
Q9Z2A0	9606.ENSP00000345997	32.308	390	228	12	32	408	37	403	1.58e-47	175
Q9Z2A0	9606.ENSP00000385727	29.878	328	205	5	78	389	563	881	1.85e-46	175
Q9Z2A0	9606.ENSP00000376609	35.636	275	167	5	85	353	186	456	2.04e-47	174
Q9Z2A0	9606.ENSP00000216911	35.556	270	167	3	61	327	106	371	1.70e-48	173
Q9Z2A0	9606.ENSP00000270861	35.094	265	161	4	83	345	10	265	4.39e-46	173
Q9Z2A0	9606.ENSP00000382697	33.229	319	187	11	81	387	72	376	9.07e-46	173
Q9Z2A0	9606.ENSP00000317985	32.288	319	190	11	81	387	88	392	1.36e-45	172
Q9Z2A0	9606.ENSP00000262811	29.341	334	205	7	67	376	341	667	4.31e-45	171
Q9Z2A0	9606.ENSP00000376306	31.818	308	185	8	84	380	96	389	3.24e-45	171
Q9Z2A0	9606.ENSP00000312262	34.098	305	188	6	84	380	190	489	2.75e-45	169
Q9Z2A0	9606.ENSP00000317578	33.443	305	190	6	84	380	190	489	3.04e-44	166
Q9Z2A0	9606.ENSP00000355731	31.975	319	189	9	83	382	75	384	1.24e-43	166
Q9Z2A0	9606.ENSP00000302898	33.449	287	185	2	56	342	16	296	1.02e-46	165
Q9Z2A0	9606.ENSP00000313950	35.385	260	164	1	83	342	76	331	3.96e-46	165
Q9Z2A0	9606.ENSP00000373684	29.260	311	179	5	83	356	88	394	1.38e-44	164
Q9Z2A0	9606.ENSP00000251472	29.450	309	195	5	84	376	373	674	2.34e-42	162
Q9Z2A0	9606.ENSP00000345133	33.110	299	176	8	83	368	69	356	5.15e-42	162
Q9Z2A0	9606.ENSP00000355237	32.886	298	180	9	83	369	74	362	2.81e-42	162
Q9Z2A0	9606.ENSP00000256460	34.228	298	172	7	77	361	8	294	1.57e-44	161
Q9Z2H5	9606.ENSP00000338934	36.426	291	164	9	99	374	7	291	1.79e-41	160
Q9Z2A0	9606.ENSP00000385751	34.263	251	160	3	84	333	52	298	1.42e-41	159
Q9Z2A0	9606.ENSP00000411397	35.060	251	158	3	84	333	55	301	2.17e-41	159
Q9Z2H5	9606.ENSP00000452414	31.834	289	181	6	98	376	24	306	1.57e-39	158
Q9Z2A0	9606.ENSP00000305976	34.008	247	158	4	91	336	26	268	2.13e-40	156
Q9Z2A0	9606.ENSP00000478874	33.108	296	174	7	79	361	13	297	1.17e-42	156
Q9Z2A0	9606.ENSP00000262891	33.865	251	161	3	84	333	58	304	4.37e-40	155
Q9Z2A0	9606.ENSP00000343325	31.953	338	214	8	55	382	590	921	4.19e-40	155
Q9Z2A0	9606.ENSP00000229812	28.939	311	180	5	83	356	87	393	4.29e-41	154
Q9Z2A0	9606.ENSP00000359552	34.307	274	173	4	83	353	655	924	1.05e-39	154
Q9Z2A0	9606.ENSP00000405950	32.399	321	173	9	35	332	47	346	5.61e-41	153
Q9Z2A0	9606.ENSP00000347655	34.545	275	170	5	85	353	186	456	1.71e-39	151
Q9Z2A0	9606.ENSP00000394484	33.856	319	167	13	58	352	322	620	3.61e-39	151
Q9Z2H5	9606.ENSP00000353408	34.576	295	172	8	95	374	3	291	1.85e-38	151
Q9Z2H5	9606.ENSP00000496414	34.021	291	171	8	99	374	7	291	2.07e-38	151
Q9Z2A0	9606.ENSP00000381129	34.058	276	172	5	85	354	187	458	7.34e-39	149
Q9Z2A0	9606.ENSP00000483424	35.874	223	138	3	84	305	59	277	3.24e-38	149
Q9Z2A0	9606.ENSP00000261402	32.806	253	165	3	85	336	55	303	7.77e-38	147
Q9Z2A0	9606.ENSP00000364449	29.965	287	188	5	74	351	50	332	2.98e-37	147
Q9Z2A0	9606.ENSP00000381535	29.137	278	183	4	85	356	23	292	5.26e-39	147
Q9Z2A0	9606.ENSP00000416750	31.439	264	166	5	83	333	114	375	1.54e-38	147
Q9Z2H5	9606.ENSP00000344666	32.881	295	176	8	95	374	20	307	4.87e-37	147
Q9Z2A0	9606.ENSP00000270162	30.916	262	176	3	85	345	27	284	5.06e-37	146
Q9Z2A0	9606.ENSP00000274289	32.618	233	155	1	88	320	85	315	1.92e-37	146
Q9Z2A0	9606.ENSP00000291906	30.794	315	209	5	48	357	520	830	5.80e-37	146
Q9Z2A0	9606.ENSP00000295709	32.959	267	161	5	83	345	2	254	6.42e-37	146
Q9Z2A0	9606.ENSP00000482829	30.916	262	176	3	85	345	27	284	4.41e-37	146
Q9Z2A0	9606.ENSP00000361275	28.956	297	196	5	70	359	49	337	1.46e-36	144
Q9Z2A0	9606.ENSP00000282908	30.824	279	173	6	83	351	21	289	1.03e-37	143
Q9Z2A0	9606.ENSP00000298630	28.114	281	184	5	85	356	93	364	5.02e-37	143
Q9Z2A0	9606.ENSP00000276616	31.985	272	168	6	85	349	63	324	1.14e-37	142
Q9Z2A0	9606.ENSP00000310649	30.534	262	171	4	85	345	34	285	9.32e-36	142
Q9Z2A0	9606.ENSP00000009105	31.228	285	174	6	85	362	23	292	1.31e-36	141
Q9Z2A0	9606.ENSP00000291041	32.414	290	173	9	77	355	92	369	8.29e-37	141
Q9Z2A0	9606.ENSP00000296088	30.712	267	172	6	85	348	16	272	4.14e-35	140
Q9Z2A0	9606.ENSP00000334876	32.482	274	174	4	89	354	194	464	8.70e-36	140
Q9Z2A0	9606.ENSP00000371614	29.524	315	203	6	23	336	17	313	7.69e-35	139
Q9Z2A0	9606.ENSP00000298048	31.076	251	167	4	85	333	11	257	9.70e-35	138
Q9Z2A0	9606.ENSP00000499251	32.296	257	160	6	85	336	97	344	1.12e-34	138
Q9Z2A0	9606.ENSP00000300093	31.687	243	164	1	91	333	59	299	2.24e-34	137
Q9Z2A0	9606.ENSP00000372023	34.586	266	154	8	83	332	261	522	1.53e-34	137
Q9Z2A0	9606.ENSP00000479667	32.000	300	167	9	44	328	399	676	3.63e-34	137
Q9Z2A0	9606.ENSP00000353846	28.344	314	198	7	30	333	345	641	2.00e-33	135
Q9Z2A0	9606.ENSP00000500386	31.128	257	167	4	83	332	11	264	8.19e-34	134
Q9Z2A0	9606.ENSP00000425824	30.350	257	169	4	83	332	12	265	2.58e-33	133
Q9Z2A0	9606.ENSP00000268766	34.000	250	155	6	83	327	2	246	9.98e-33	132
Q9Z2A0	9606.ENSP00000282356	34.413	247	144	7	91	328	52	289	1.70e-33	132
Q9Z2A0	9606.ENSP00000455607	31.522	276	158	8	90	346	29	292	6.86e-34	132
Q9Z2A0	9606.ENSP00000303887	28.676	272	171	6	83	344	409	667	3.02e-32	131
Q9Z2A0	9606.ENSP00000360290	30.400	250	170	3	85	333	16	262	2.54e-32	130
Q9Z2A0	9606.ENSP00000379098	29.183	257	172	4	83	332	12	265	1.67e-31	129
Q9Z2H5	9606.ENSP00000355923	28.522	291	186	7	98	375	22	303	1.33e-30	129
Q9Z2A0	9606.ENSP00000319060	28.794	257	173	4	83	332	12	265	2.95e-31	127
Q9Z2A0	9606.ENSP00000250896	32.215	298	156	12	90	352	89	375	3.31e-31	126
Q9Z2A0	9606.ENSP00000346148	27.303	304	192	6	85	372	27	317	9.57e-31	126
Q9Z2A0	9606.ENSP00000314067	30.769	260	163	6	91	346	255	501	9.28e-31	125
Q9Z2A0	9606.ENSP00000378914	32.110	218	131	5	84	289	6	218	2.93e-30	125
Q9Z2A0	9606.ENSP00000420849	31.225	253	169	3	80	331	69	317	3.89e-31	125
Q9Z2A0	9606.ENSP00000424757	35.071	211	130	4	91	298	10	216	3.87e-30	125
Q9Z2A0	9606.ENSP00000484390	31.086	267	169	7	78	332	15	278	8.96e-31	125
Q9Z2A0	9606.ENSP00000382544	28.958	259	178	4	81	333	8	266	1.02e-30	122
Q9Z2A0	9606.ENSP00000442973	30.038	263	169	7	78	328	5	264	4.20e-30	122
Q9Z2A0	9606.ENSP00000270112	30.078	256	168	5	80	327	56	308	7.47e-29	121
Q9Z2A0	9606.ENSP00000339299	31.967	244	152	5	91	327	2802	3038	1.15e-28	121
Q9Z2A0	9606.ENSP00000278568	30.952	252	162	6	86	333	272	515	4.35e-29	120
Q9Z2A0	9606.ENSP00000353864	30.189	265	167	7	86	346	306	556	9.12e-29	120
Q9Z2A0	9606.ENSP00000356355	30.175	285	169	8	67	327	4	282	2.99e-30	120
Q9Z2A0	9606.ENSP00000453858	28.736	261	165	6	91	345	413	658	1.18e-28	120
Q9Z2A0	9606.ENSP00000264952	31.408	277	171	8	89	354	195	463	1.77e-28	119
Q9Z2A0	9606.ENSP00000312741	27.937	315	173	10	91	375	171	461	1.64e-28	119
Q9Z2A0	9606.ENSP00000301037	30.317	221	149	3	72	292	95	310	2.49e-28	117
Q9Z2A0	9606.ENSP00000324560	29.907	214	135	4	84	287	15	223	1.17e-27	117
Q9Z2A0	9606.ENSP00000354927	27.863	262	175	6	82	333	390	647	1.46e-27	117
Q9Z2A0	9606.ENSP00000362702	28.882	322	200	12	22	327	19	327	4.17e-29	117
Q9Z2A0	9606.ENSP00000400312	28.676	272	178	6	81	346	10	271	4.41e-28	117
Q9Z2H5	9606.ENSP00000349298	27.857	280	195	5	98	375	2	276	1.13e-27	117
Q9Z2A0	9606.ENSP00000274643	29.658	263	172	7	89	344	110	366	2.08e-28	116
Q9Z2A0	9606.ENSP00000365107	36.538	156	97	1	77	232	27	180	2.82e-27	116
Q9Z2A0	9606.ENSP00000382423	28.904	301	188	11	67	350	1221	1512	3.64e-27	116
Q9Z2A0	9606.ENSP00000390535	29.603	277	172	9	89	355	595	858	3.17e-27	116
Q9Z2A0	9606.ENSP00000319192	25.938	320	198	7	36	332	11	314	1.08e-27	115
Q9Z2A0	9606.ENSP00000333896	34.615	260	149	8	91	335	417	670	5.70e-27	115
Q9Z2A0	9606.ENSP00000365162	28.195	266	172	9	91	349	291	544	2.86e-27	115
Q9Z2A0	9606.ENSP00000375081	28.627	255	176	4	85	333	12	266	4.75e-28	115
Q9Z2A0	9606.ENSP00000386135	28.148	270	173	7	78	332	5	268	1.41e-26	114
Q9Z2A0	9606.ENSP00000445440	27.660	329	172	9	83	358	18	333	1.51e-27	114
Q9Z2A0	9606.ENSP00000347767	30.275	218	144	6	89	302	8	221	3.26e-26	113
Q9Z2A0	9606.ENSP00000353452	29.435	248	160	7	91	330	1470	1710	1.05e-25	112
Q9Z2A0	9606.ENSP00000362634	28.968	252	174	5	85	333	10	259	4.66e-28	112
Q9Z2A0	9606.ENSP00000368356	28.881	277	174	9	89	355	580	843	7.90e-26	112
Q9Z2A0	9606.ENSP00000387246	25.581	301	200	7	43	333	324	610	3.93e-26	112
Q9Z2A0	9606.ENSP00000393978	28.881	277	174	9	89	355	555	818	8.39e-26	112
Q9Z2A0	9606.ENSP00000422435	27.070	314	200	8	35	328	382	686	7.88e-26	112
Q9Z2A0	9606.ENSP00000233027	29.167	240	163	5	85	320	6	242	1.08e-25	111
Q9Z2A0	9606.ENSP00000324856	27.195	353	219	13	76	399	37	380	4.09e-26	110
Q9Z2A0	9606.ENSP00000368884	29.964	277	165	9	91	355	428	687	3.23e-25	110
Q9Z2A0	9606.ENSP00000484443	28.311	219	151	3	83	299	2	216	7.56e-26	110
Q9Z2A0	9606.ENSP00000365730	33.173	208	131	5	79	284	29	230	9.78e-26	109
Q9Z2A0	9606.ENSP00000435412	28.125	320	199	9	35	333	369	678	4.77e-25	109
Q9Z2A0	9606.ENSP00000355966	28.571	266	173	7	81	333	4	265	1.73e-25	108
Q9Z2A0	9606.ENSP00000494788	28.676	272	172	7	85	340	12	277	7.78e-25	108
Q9Z2H5	9606.ENSP00000350032	25.926	297	199	7	99	374	22	318	3.45e-24	108
Q9Z2A0	9606.ENSP00000378288	29.960	247	160	7	89	328	519	759	1.88e-24	107
Q9Z2A0	9606.ENSP00000379176	30.100	299	159	10	86	348	7	291	4.76e-25	106
Q9Z2A0	9606.ENSP00000265334	31.455	213	140	4	87	298	7	214	7.51e-24	105
Q9Z2A0	9606.ENSP00000361892	30.973	226	143	5	64	285	8	224	3.93e-24	105
Q9Z2A0	9606.ENSP00000367686	26.885	305	191	10	54	346	417	701	1.14e-23	105
Q9Z2A0	9606.ENSP00000371188	27.835	291	171	7	85	345	155	436	3.82e-24	105
Q9Z2A0	9606.ENSP00000377867	32.474	194	126	3	91	284	30	218	1.84e-24	105
Q9Z2A0	9606.ENSP00000466477	32.212	208	127	7	85	285	12	212	5.77e-25	104
Q9Z2A0	9606.ENSP00000262752	29.278	263	165	7	83	333	424	677	2.59e-23	103
Q9Z2A0	9606.ENSP00000339179	27.881	269	166	7	85	327	25	291	3.22e-24	103
Q9Z2H5	9606.ENSP00000394794	28.094	299	182	8	101	373	576	867	1.99e-22	103
Q9Z2A0	9606.ENSP00000215659	27.852	298	159	9	91	348	33	314	1.34e-23	102
Q9Z2A0	9606.ENSP00000372857	27.426	237	162	5	91	320	35	268	7.72e-23	102
Q9Z2A0	9606.ENSP00000375986	26.693	251	172	7	85	327	1343	1589	1.18e-22	102
Q9Z2H5	9606.ENSP00000381549	25.182	274	184	6	122	374	84	357	3.11e-22	102
Q9Z2A0	9606.ENSP00000238616	30.986	213	142	3	89	299	56	265	2.31e-22	101
Q9Z2A0	9606.ENSP00000325748	31.443	194	128	3	91	284	26	214	4.23e-23	101
Q9Z2A0	9606.ENSP00000365692	26.154	260	172	6	84	333	31	280	1.07e-23	101
Q9Z2A0	9606.ENSP00000429744	31.429	210	131	5	80	285	49	249	7.46e-23	101
Q9Z2A0	9606.ENSP00000469413	27.203	261	169	7	91	345	327	572	1.09e-22	101
Q9Z2A0	9606.ENSP00000311684	26.165	279	182	7	78	347	1593	1856	4.51e-22	100
Q9Z2A0	9606.ENSP00000311713	28.372	215	140	4	83	285	15	227	1.69e-22	100
Q9Z2A0	9606.ENSP00000369325	28.188	298	168	8	85	347	13	299	4.95e-22	100
Q9Z2A0	9606.ENSP00000498083	26.176	340	158	12	89	343	53	384	1.16e-22	100
